0.0	 0.05405405405405406
0.010309278350515464	 0.05405405405405406
0.010309278350515464	 0.12612612612612611
0.020618556701030927	 0.12612612612612611
0.020618556701030927	 0.23423423423423423
0.030927835051546393	 0.23423423423423423
0.030927835051546393	 0.26126126126126126
0.041237113402061855	 0.26126126126126126
0.041237113402061855	 0.2882882882882883
0.05154639175257732	 0.2882882882882883
0.05154639175257732	 0.3153153153153153
0.061855670103092786	 0.3153153153153153
0.061855670103092786	 0.35135135135135137
0.07216494845360824	 0.35135135135135137
0.07216494845360824	 0.4144144144144144
0.08247422680412371	 0.4144144144144144
0.08247422680412371	 0.42342342342342343
0.09278350515463918	 0.42342342342342343
0.09278350515463918	 0.45045045045045046
0.10309278350515463	 0.45045045045045046
0.10309278350515463	 0.5135135135135135
0.1134020618556701	 0.5135135135135135
0.1134020618556701	 0.5495495495495496
0.12371134020618557	 0.5495495495495496
0.12371134020618557	 0.5585585585585585
0.14432989690721648	 0.5585585585585585
0.14432989690721648	 0.6576576576576577
0.15463917525773196	 0.6576576576576577
0.15463917525773196	 0.6936936936936937
0.17525773195876287	 0.6936936936936937
0.17525773195876287	 0.7207207207207207
0.18556701030927836	 0.7207207207207207
0.18556701030927836	 0.7297297297297297
0.1958762886597938	 0.7297297297297297
0.1958762886597938	 0.7567567567567568
0.21649484536082475	 0.7567567567567568
0.21649484536082475	 0.8108108108108109
0.24742268041237114	 0.8108108108108109
0.24742268041237114	 0.8288288288288288
0.26804123711340205	 0.8288288288288288
0.26804123711340205	 0.8378378378378378
0.27835051546391754	 0.8378378378378378
0.27835051546391754	 0.8468468468468469
0.28865979381443296	 0.8468468468468469
0.28865979381443296	 0.8558558558558559
0.30927835051546393	 0.8558558558558559
0.30927835051546393	 0.8828828828828829
0.31958762886597936	 0.8828828828828829
0.31958762886597936	 0.8918918918918919
0.3402061855670103	 0.8918918918918919
0.3402061855670103	 0.9009009009009009
0.36082474226804123	 0.9009009009009009
0.36082474226804123	 0.918918918918919
0.3917525773195876	 0.918918918918919
0.3917525773195876	 0.9279279279279279
0.4020618556701031	 0.9279279279279279
0.4020618556701031	 0.9459459459459459
0.44329896907216493	 0.9459459459459459
0.44329896907216493	 0.954954954954955
0.4742268041237113	 0.954954954954955
0.4742268041237113	 0.972972972972973
0.5154639175257731	 0.972972972972973
0.5154639175257731	 0.990990990990991
0.5567010309278351	 0.990990990990991
0.5567010309278351	 1.0
1			1
